Used function: df.groupby('y')[i].mean()
Order:'lndpclAr', 'pblntfPclnd', 'pclndIndex', 'pclndChgRt', 'trafficAmount','distance'

y
0    0.000355
1    0.000319
2    0.000334
3    0.000124
4    0.000319
5    0.000301
6    0.000206
7    0.000217
8    0.000206
9    0.000240
Name: lndpclAr, dtype: float64
y
0    0.017865
1    0.036091
2    0.012154
3    0.101437
4    0.019226
5    0.011463
6    0.056549
7    0.048116
8    0.013983
9    0.028145
Name: pblntfPclnd, dtype: float64
y
0    0.270859
1    0.239433
2    0.251439
3    0.231000
4    0.289755
5    0.207363
6    0.244820
7    0.250917
8    0.258288
9    0.234431
Name: pclndIndex, dtype: float64
y
0    0.148923
1    0.148562
2    0.162183
3    0.136078
4    0.178351
5    0.127437
6    0.145725
7    0.144919
8    0.141825
9    0.141815
Name: pclndChgRt, dtype: float64
y
0    0.445698
1    0.453035
2    0.638248
3    0.509133
4    0.587701
5    0.411692
6    0.485984
7    0.558850
8    0.673234
9    0.398963
Name: trafficAmount, dtype: float64
y
0    0.155894
1    0.168462
2    0.154054
3    0.141033
4    0.134296
5    0.160725
6    0.165643
7    0.168498
8    0.211230
9    0.142630
Name: distance, dtype: float64
